pep:11, ed:10, lstmd:10, lr:0.001, wd:1e-06, train time: 12506.360114097595
pep:12, ed:10, lstmd:10, lr:0.001, wd:1e-06, train time: 13253.301327705383
